   14.0000000       14.0000000       14.0000000       14.0000000       14.0000000       14.0000000       14.0000000       14.0000000       14.0000000       14.0000000       14.0000000       14.0000000       14.0000000       14.0000000       14.0000000       14.0000000       14.0000000       16.1370964       16.0963688       16.0498810       16.0048618       15.9655361       15.9336596       15.9091816       15.8912134       15.8786907       15.8706980       15.8665867       15.8666124    
   14.0000000       14.0000000       14.0000000       14.0000000       14.0000000       14.0000000       14.0000000       14.0000000       14.0000000       14.0000000       14.0000000       14.0000000       14.0000000       14.0000000       14.0000000       14.0000000       16.2032681       16.1565590       16.1023960       16.0477467       15.9980536       15.9568701       15.9251404       15.9017067       15.8849564       15.8734741       15.8662081       15.8624725       15.8636980    
   14.0000000       14.0000000       14.0000000       14.0000000       14.0000000       14.0000000       14.0000000       14.0000000       14.0000000       14.0000000       14.0000000       14.0000000       14.0000000       14.0000000       14.0000000       14.0000000       16.2610035       16.1834793       16.1089115       16.0406570       15.9827309       15.9387522       15.9083233       15.8875523       15.8734341       15.8640385       15.8581848       15.8551826       15.8575087    
   14.0000000       14.0000000       14.0000000       14.0000000       14.0000000       14.0000000       14.0000000       14.0000000       14.0000000       14.0000000       14.0000000       14.0000000       14.0000000       14.0000000       14.0000000       16.4506245       16.3189240       16.2074451       16.1091175       16.0232353       15.9534597       15.9070854       15.8818455       15.8667459       15.8571901       15.8510618       15.8473063       15.8453751       15.8485937    
   14.0000000       19.3621750       19.3337975       19.2085800       19.0346947       18.8381577       18.6288452       18.4102440       18.1838703       17.9508152       17.7120972       17.4685993       17.2207661       16.9688454       16.7183075       16.5189171       16.3566265       16.2182617       16.0968742       15.9897137       15.9007921       15.8542852       15.8452263       15.8403940       15.8375168       15.8357153       15.8346043       15.8339958       15.8377972    
   19.3195553       19.4238262       19.4407291       19.2624855       19.0601559       18.8527431       18.6395359       18.4192009       18.1915836       17.9573936       17.7179050       17.4748020       17.2303219       16.9881039       16.7559719       16.5501060       16.3703938       16.2121086       16.0704079       15.9379482       15.8564501       14.0000000       14.0000000       14.0000000       14.0000000       14.0000000       14.0000000       14.0000000       14.0000000    
   19.2203999       19.5728455       19.7428112       19.3404789       19.0907116       18.8731327       18.6573620       18.4354534       18.2058735       17.9692764       17.7273273       17.4823952       17.2376175       16.9972706       16.7673740       16.5551414       16.3627338       16.1893749       16.0347099       15.9081640       15.8764915       14.0000000       14.0000000       14.0000000       14.0000000       14.0000000       14.0000000       14.0000000       14.0000000    
   14.0000000       14.0000000       14.0000000       19.2659111       19.0890732       18.8917198       18.6813316       18.4593849       18.2271843       17.9865112       17.7397327       17.4898396       17.2404842       16.9959812       16.7611084       16.5403557       16.3360138       16.1479492       15.9708910       15.8616724       14.0000000       14.0000000       14.0000000       14.0000000       14.0000000       14.0000000       14.0000000       14.0000000       14.0000000    
   14.0000000       14.0000000       14.0000000       14.0000000       19.1079502       18.9233246       18.7168541       18.4935741       18.2569656       18.0098476       17.7552547       17.4967442       17.2385025       16.9850616       16.7407284       16.5091648       16.2930279       16.0955124       15.9316006       15.8906927       14.0000000       14.0000000       14.0000000       14.0000000       14.0000000       14.0000000       14.0000000       14.0000000       14.0000000    
   14.0000000       14.0000000       14.0000000       14.0000000       19.1473560       18.9767780       18.7691860       18.5411034       18.2972622       18.0406609       17.7746964       17.5033836       17.2317257       16.9650364       16.7075825       16.4625511       16.2314205       16.0094795       15.8709078       14.0000000       14.0000000       14.0000000       14.0000000       14.0000000       14.0000000       14.0000000       14.0000000       14.0000000       14.0000000    
   14.0000000       14.0000000       14.0000000       14.0000000       14.0000000       19.0672474       18.8420105       18.6043873       18.3503246       18.0808430       17.7994843       17.5103703       17.2199821       16.9357777       16.6620083       16.4020252       16.1606274       15.9575272       15.9065418       14.0000000       14.0000000       14.0000000       14.0000000       14.0000000       14.0000000       14.0000000       14.0000000       14.0000000       14.0000000    
   14.0000000       14.0000000       14.0000000       14.0000000       14.0000000       19.1374454       18.9272251       18.6841145       18.4188042       18.1329060       17.8320312       17.5186195       17.2020550       16.8960876       16.6026382       16.3229084       16.0515366       15.8809853       14.0000000       14.0000000       14.0000000       14.0000000       14.0000000       14.0000000       14.0000000       14.0000000       14.0000000       14.0000000       14.0000000    
   14.0000000       14.0000000       14.0000000       14.0000000       14.0000000       14.0000000       19.0453320       18.7860527       18.5078773       18.1999474       17.8771191       17.5300179       17.1735249       16.8438778       16.5295467       16.2354355       15.9867420       15.9241371       14.0000000       14.0000000       14.0000000       14.0000000       14.0000000       14.0000000       14.0000000       14.0000000       14.0000000       14.0000000       14.0000000    
   14.0000000       14.0000000       14.0000000       14.0000000       14.0000000       14.0000000       19.1333790       18.9068890       18.6267109       18.2818928       17.9000530       17.5043774       17.1181526       16.7763481       16.4362297       16.1025410       15.8926048       14.0000000       14.0000000       14.0000000       14.0000000       14.0000000       14.0000000       14.0000000       14.0000000       14.0000000       14.0000000       14.0000000       14.0000000    
   14.0000000       14.0000000       14.0000000       14.0000000       14.0000000       14.0000000       14.0000000       19.0814152       18.8101845       18.4008579       17.9639740       17.5349941       17.1033554       16.7071304       16.3364792       16.0247555       15.9462566       14.0000000       14.0000000       14.0000000       14.0000000       14.0000000       14.0000000       14.0000000       14.0000000       14.0000000       14.0000000       14.0000000       14.0000000    
   14.0000000       14.0000000       14.0000000       14.0000000       14.0000000       14.0000000       14.0000000       14.0000000       19.1317539       18.5473862       18.0199966       17.5296993       17.0724258       16.6123428       16.1778030       15.9084988       14.0000000       14.0000000       14.0000000       14.0000000       14.0000000       14.0000000       14.0000000       14.0000000       14.0000000       14.0000000       14.0000000       14.0000000       14.0000000    
   14.0000000       14.0000000       14.0000000       14.0000000       14.0000000       14.0000000       14.0000000       14.0000000       19.3211994       18.6369305       18.0389271       17.4913807       16.9785919       16.4920158       16.0824547       15.9800644       14.0000000       14.0000000       14.0000000       14.0000000       14.0000000       14.0000000       14.0000000       14.0000000       14.0000000       14.0000000       14.0000000       14.0000000       14.0000000    
   14.0000000       14.0000000       14.0000000       14.0000000       14.0000000       14.0000000       14.0000000       14.0000000       19.3190689       18.6402054       18.0074024       17.4183064       16.8585434       16.2946682       15.9323902       14.0000000       14.0000000       14.0000000       14.0000000       14.0000000       14.0000000       14.0000000       14.0000000       14.0000000       14.0000000       14.0000000       14.0000000       14.0000000       14.0000000    
   14.0000000       14.0000000       14.0000000       14.0000000       14.0000000       14.0000000       14.0000000       14.0000000       19.3051376       18.5974102       17.9321728       17.3159008       16.7426090       16.2032890       16.0351734       14.0000000       14.0000000       14.0000000       14.0000000       14.0000000       14.0000000       14.0000000       14.0000000       14.0000000       14.0000000       14.0000000       14.0000000       14.0000000       14.0000000    
   14.0000000       14.0000000       14.0000000       14.0000000       14.0000000       14.0000000       14.0000000       14.0000000       19.2782822       18.5121231       17.8079720       17.1705093       16.5927010       16.1139965       15.9981165       14.0000000       14.0000000       14.0000000       14.0000000       14.0000000       14.0000000       14.0000000       14.0000000       14.0000000       14.0000000       14.0000000       14.0000000       14.0000000       14.0000000    
   14.0000000       14.0000000       14.0000000       14.0000000       14.0000000       14.0000000       14.0000000       14.0000000       19.2292919       18.3648281       17.6170731       16.9654617       16.3436852       15.9458809       14.0000000       14.0000000       14.0000000       14.0000000       14.0000000       14.0000000       14.0000000       14.0000000       14.0000000       14.0000000       14.0000000       14.0000000       14.0000000       14.0000000       14.0000000    
   14.0000000       14.0000000       14.0000000       14.0000000       14.0000000       14.0000000       14.0000000       14.0000000       19.1316357       18.1008244       17.3300323       16.7305794       16.2048492       16.0482750       14.0000000       14.0000000       14.0000000       14.0000000       14.0000000       14.0000000       14.0000000       14.0000000       14.0000000       14.0000000       14.0000000       14.0000000       14.0000000       14.0000000       14.0000000    
   14.0000000       14.0000000       14.0000000       14.0000000       14.0000000       14.0000000       14.0000000       14.0000000       18.9073601       17.5767994       16.8716526       16.4219723       16.0717049       15.9865732       14.0000000       14.0000000       14.0000000       14.0000000       14.0000000       14.0000000       14.0000000       14.0000000       14.0000000       14.0000000       14.0000000       14.0000000       14.0000000       14.0000000       14.0000000    
   14.0000000       14.0000000       14.0000000       14.0000000       14.0000000       14.0000000       14.0000000       14.0000000       17.0699997       16.4273605       16.1578026       16.0139561       15.9151316       15.9151316       14.0000000       14.0000000       14.0000000       14.0000000       14.0000000       14.0000000       14.0000000       14.0000000       14.0000000       14.0000000       14.0000000       14.0000000       14.0000000       14.0000000       14.0000000    
