   5.00000024E-04   5.00000024E-04   5.00000024E-04   5.00000024E-04   5.00000024E-04   5.00000024E-04   5.00000024E-04   5.00000024E-04   5.00000024E-04   5.00000024E-04   5.00000024E-04   5.00000024E-04   5.00000024E-04   5.00000024E-04   5.00000024E-04   5.00000024E-04   5.00000024E-04  -6.89488426E-02 -0.112769887     -0.153104752     -0.186719045     -0.210021943     -0.223389521     -0.231737718     -0.241824538     -0.260994345     -0.298480451     -0.368213266     -0.206637219    
   5.00000024E-04   5.00000024E-04   5.00000024E-04   5.00000024E-04   5.00000024E-04   5.00000024E-04   5.00000024E-04   5.00000024E-04   5.00000024E-04   5.00000024E-04   5.00000024E-04   5.00000024E-04   5.00000024E-04   5.00000024E-04   5.00000024E-04   5.00000024E-04  -5.36585934E-02 -0.174121261     -0.277377695     -0.367192715     -0.440524429     -0.491029233     -0.520773828     -0.541856349     -0.568740904     -0.614765525     -0.692518294     -0.812942445     -0.721858382    
   5.00000024E-04   5.00000024E-04   5.00000024E-04   5.00000024E-04   5.00000024E-04   5.00000024E-04   5.00000024E-04   5.00000024E-04   5.00000024E-04   5.00000024E-04   5.00000024E-04   5.00000024E-04   5.00000024E-04   5.00000024E-04   5.00000024E-04   5.00000024E-04 -0.191291809     -0.347777158     -0.477984309     -0.588911474     -0.675967693     -0.729860067     -0.758787751     -0.784978807     -0.827185750     -0.897928238      -1.00567389      -1.15354919      -1.10918164    
   5.00000024E-04   5.00000024E-04   5.00000024E-04   5.00000024E-04   5.00000024E-04   5.00000024E-04   5.00000024E-04   5.00000024E-04   5.00000024E-04   5.00000024E-04   5.00000024E-04   5.00000024E-04   5.00000024E-04   5.00000024E-04   5.00000024E-04 -0.259819448     -0.453330576     -0.608245730     -0.732136488     -0.831180036     -0.895512581     -0.913710058     -0.914470732     -0.936711967     -0.995149553      -1.09240067      -1.22674537      -1.39316988      -1.38475764    
   5.00000024E-04 -0.125710502     -0.185332164     -0.216061324     -0.229302570     -0.234920368     -0.238525763     -0.242681041     -0.248752370     -0.257946581     -0.271804005     -0.292627722     -0.324339688     -0.374310583     -0.455395341     -0.652743638     -0.821746945     -0.958235502      -1.05849099      -1.11561465      -1.09932220     -0.999611974     -0.927702844     -0.956275105      -1.05267072      -1.19624674      -1.37152684      -1.56312346      -1.57747400    
  -7.23558590E-02 -0.257158369     -0.413756073     -0.512719572     -0.567095518     -0.598640621     -0.620649457     -0.639854610     -0.660307586     -0.685365558     -0.718469977     -0.763477266     -0.824968278     -0.908412457      -1.01894140      -1.15714848      -1.29674137      -1.42309487      -1.52761734      -1.60461867      -1.38681924       5.00000024E-04   5.00000024E-04   5.00000024E-04   5.00000024E-04   5.00000024E-04   5.00000024E-04   5.00000024E-04   5.00000024E-04
  -6.51859269E-02 -0.301555872     -0.587391376     -0.794224977     -0.914879918     -0.991796911      -1.04688895      -1.09119713      -1.13205624      -1.17547560      -1.22679555      -1.29072714      -1.37120843      -1.47084701      -1.58927310      -1.72067428      -1.85466480      -1.98686814      -2.11393857      -2.23438931      -2.04306507       5.00000024E-04   5.00000024E-04   5.00000024E-04   5.00000024E-04   5.00000024E-04   5.00000024E-04   5.00000024E-04   5.00000024E-04
   5.00000024E-04   5.00000024E-04   5.00000024E-04  -1.13202345      -1.32607675      -1.44997072      -1.53946722      -1.60948908      -1.67032802      -1.73044729      -1.79689813      -1.87508011      -1.96856785      -2.07878494      -2.20417881      -2.33996916      -2.48061895      -2.62382603      -2.76724172      -2.67804384       5.00000024E-04   5.00000024E-04   5.00000024E-04   5.00000024E-04   5.00000024E-04   5.00000024E-04   5.00000024E-04   5.00000024E-04   5.00000024E-04
   5.00000024E-04   5.00000024E-04   5.00000024E-04   5.00000024E-04  -1.88938451      -2.02083993      -2.12580919      -2.21073031      -2.28442812      -2.35586238      -2.43288517      -2.52115154      -2.62400317      -2.74258757      -2.87540555      -3.01875377      -3.16865182      -3.32323599      -3.47831488      -3.28507519       5.00000024E-04   5.00000024E-04   5.00000024E-04   5.00000024E-04   5.00000024E-04   5.00000024E-04   5.00000024E-04   5.00000024E-04   5.00000024E-04
   5.00000024E-04   5.00000024E-04   5.00000024E-04   5.00000024E-04  -2.62726808      -2.72405672      -2.81924701      -2.90421963      -2.98104811      -3.05694890      -3.13963723      -3.23435354      -3.34393120      -3.46948385      -3.60950923      -3.76051617      -3.91814899      -4.07772541      -3.97877836       5.00000024E-04   5.00000024E-04   5.00000024E-04   5.00000024E-04   5.00000024E-04   5.00000024E-04   5.00000024E-04   5.00000024E-04   5.00000024E-04   5.00000024E-04
   5.00000024E-04   5.00000024E-04   5.00000024E-04   5.00000024E-04   5.00000024E-04  -3.52723956      -3.60977030      -3.68864894      -3.76212406      -3.83704734      -3.92159700      -4.02016449      -4.13462734      -4.26627254      -4.41315508      -4.57113552      -4.73586130      -4.89971972      -4.67100430       5.00000024E-04   5.00000024E-04   5.00000024E-04   5.00000024E-04   5.00000024E-04   5.00000024E-04   5.00000024E-04   5.00000024E-04   5.00000024E-04   5.00000024E-04
   5.00000024E-04   5.00000024E-04   5.00000024E-04   5.00000024E-04   5.00000024E-04  -4.41308117      -4.48770475      -4.56061268      -4.62791538      -4.69877052      -4.78317356      -4.88437414      -5.00282145      -5.14042759      -5.29390478      -5.45723772      -5.62269592      -5.48407459       5.00000024E-04   5.00000024E-04   5.00000024E-04   5.00000024E-04   5.00000024E-04   5.00000024E-04   5.00000024E-04   5.00000024E-04   5.00000024E-04   5.00000024E-04   5.00000024E-04
   5.00000024E-04   5.00000024E-04   5.00000024E-04   5.00000024E-04   5.00000024E-04   5.00000024E-04  -5.44150209      -5.51446152      -5.57758665      -5.64594269      -5.73011351      -5.83309555      -5.95648432      -6.10215712      -6.26302147      -6.43247652      -6.59972811      -6.31718922       5.00000024E-04   5.00000024E-04   5.00000024E-04   5.00000024E-04   5.00000024E-04   5.00000024E-04   5.00000024E-04   5.00000024E-04   5.00000024E-04   5.00000024E-04   5.00000024E-04
   5.00000024E-04   5.00000024E-04   5.00000024E-04   5.00000024E-04   5.00000024E-04   5.00000024E-04  -6.46079588      -6.54077673      -6.61089993      -6.69008160      -6.79215145      -6.88808393      -7.00430727      -7.16605425      -7.33433056      -7.50219250      -7.30185461       5.00000024E-04   5.00000024E-04   5.00000024E-04   5.00000024E-04   5.00000024E-04   5.00000024E-04   5.00000024E-04   5.00000024E-04   5.00000024E-04   5.00000024E-04   5.00000024E-04   5.00000024E-04
   5.00000024E-04   5.00000024E-04   5.00000024E-04   5.00000024E-04   5.00000024E-04   5.00000024E-04   5.00000024E-04  -7.58422136      -7.72193098      -7.83371353      -7.95693970      -8.09252930      -8.20977879      -8.36769676      -8.53410625      -8.69913960      -8.33801746       5.00000024E-04   5.00000024E-04   5.00000024E-04   5.00000024E-04   5.00000024E-04   5.00000024E-04   5.00000024E-04   5.00000024E-04   5.00000024E-04   5.00000024E-04   5.00000024E-04   5.00000024E-04
   5.00000024E-04   5.00000024E-04   5.00000024E-04   5.00000024E-04   5.00000024E-04   5.00000024E-04   5.00000024E-04   5.00000024E-04  -9.00571537      -9.13992596      -9.27566147      -9.41240120      -9.55207253      -9.70046520      -9.85601807      -9.56459141       5.00000024E-04   5.00000024E-04   5.00000024E-04   5.00000024E-04   5.00000024E-04   5.00000024E-04   5.00000024E-04   5.00000024E-04   5.00000024E-04   5.00000024E-04   5.00000024E-04   5.00000024E-04   5.00000024E-04
   5.00000024E-04   5.00000024E-04   5.00000024E-04   5.00000024E-04   5.00000024E-04   5.00000024E-04   5.00000024E-04   5.00000024E-04  -10.6652660      -10.7016573      -10.8002653      -10.9141817      -11.0372200      -11.1793289      -11.3331127      -10.8723345       5.00000024E-04   5.00000024E-04   5.00000024E-04   5.00000024E-04   5.00000024E-04   5.00000024E-04   5.00000024E-04   5.00000024E-04   5.00000024E-04   5.00000024E-04   5.00000024E-04   5.00000024E-04   5.00000024E-04
   5.00000024E-04   5.00000024E-04   5.00000024E-04   5.00000024E-04   5.00000024E-04   5.00000024E-04   5.00000024E-04   5.00000024E-04  -12.5450315      -12.4858913      -12.5195751      -12.5941486      -12.6911640      -12.8135033      -12.4033985       5.00000024E-04   5.00000024E-04   5.00000024E-04   5.00000024E-04   5.00000024E-04   5.00000024E-04   5.00000024E-04   5.00000024E-04   5.00000024E-04   5.00000024E-04   5.00000024E-04   5.00000024E-04   5.00000024E-04   5.00000024E-04
   5.00000024E-04   5.00000024E-04   5.00000024E-04   5.00000024E-04   5.00000024E-04   5.00000024E-04   5.00000024E-04   5.00000024E-04  -14.4305410      -14.3729858      -14.3716669      -14.4229069      -14.5190220      -14.6569996      -14.0711164       5.00000024E-04   5.00000024E-04   5.00000024E-04   5.00000024E-04   5.00000024E-04   5.00000024E-04   5.00000024E-04   5.00000024E-04   5.00000024E-04   5.00000024E-04   5.00000024E-04   5.00000024E-04   5.00000024E-04   5.00000024E-04
   5.00000024E-04   5.00000024E-04   5.00000024E-04   5.00000024E-04   5.00000024E-04   5.00000024E-04   5.00000024E-04   5.00000024E-04  -16.3371983      -16.2922554      -16.2854195      -16.3274803      -16.4229984      -16.5654144      -15.9846210       5.00000024E-04   5.00000024E-04   5.00000024E-04   5.00000024E-04   5.00000024E-04   5.00000024E-04   5.00000024E-04   5.00000024E-04   5.00000024E-04   5.00000024E-04   5.00000024E-04   5.00000024E-04   5.00000024E-04   5.00000024E-04
   5.00000024E-04   5.00000024E-04   5.00000024E-04   5.00000024E-04   5.00000024E-04   5.00000024E-04   5.00000024E-04   5.00000024E-04  -18.2421761      -18.2124310      -18.2138290      -18.2598228      -18.3561153      -17.8527851       5.00000024E-04   5.00000024E-04   5.00000024E-04   5.00000024E-04   5.00000024E-04   5.00000024E-04   5.00000024E-04   5.00000024E-04   5.00000024E-04   5.00000024E-04   5.00000024E-04   5.00000024E-04   5.00000024E-04   5.00000024E-04   5.00000024E-04
   5.00000024E-04   5.00000024E-04   5.00000024E-04   5.00000024E-04   5.00000024E-04   5.00000024E-04   5.00000024E-04   5.00000024E-04  -20.1125717      -20.1014099      -20.1225243      -20.1898975      -20.3083019      -19.7049332       5.00000024E-04   5.00000024E-04   5.00000024E-04   5.00000024E-04   5.00000024E-04   5.00000024E-04   5.00000024E-04   5.00000024E-04   5.00000024E-04   5.00000024E-04   5.00000024E-04   5.00000024E-04   5.00000024E-04   5.00000024E-04   5.00000024E-04
   5.00000024E-04   5.00000024E-04   5.00000024E-04   5.00000024E-04   5.00000024E-04   5.00000024E-04   5.00000024E-04   5.00000024E-04  -21.9042587      -21.9209881      -21.9716072      -22.0661850      -22.2069664      -21.6380501       5.00000024E-04   5.00000024E-04   5.00000024E-04   5.00000024E-04   5.00000024E-04   5.00000024E-04   5.00000024E-04   5.00000024E-04   5.00000024E-04   5.00000024E-04   5.00000024E-04   5.00000024E-04   5.00000024E-04   5.00000024E-04   5.00000024E-04
   5.00000024E-04   5.00000024E-04   5.00000024E-04   5.00000024E-04   5.00000024E-04   5.00000024E-04   5.00000024E-04   5.00000024E-04  -23.5470810      -23.6436443      -23.7405758      -23.8675766      -24.0302353      -23.4912434       5.00000024E-04   5.00000024E-04   5.00000024E-04   5.00000024E-04   5.00000024E-04   5.00000024E-04   5.00000024E-04   5.00000024E-04   5.00000024E-04   5.00000024E-04   5.00000024E-04   5.00000024E-04   5.00000024E-04   5.00000024E-04   5.00000024E-04
