   2.00000000       2.00000000       2.00000000       2.00000000       2.00000000       2.00000000       2.00000000       2.00000000       2.00000000       2.00000000       2.00000000       2.00000000       2.00000000       2.00000000       2.00000000       2.00000000       2.00000000       2.01654267E-02   2.38034092E-02   1.80737674E-02  -1.82855933E-03  -3.39803249E-02  -6.88343197E-02  -9.67784971E-02 -0.112430148     -0.111494310      -8.42566639E-02   4.46785474E-03   3.55888791E-02
   2.00000000       2.00000000       2.00000000       2.00000000       2.00000000       2.00000000       2.00000000       2.00000000       2.00000000       2.00000000       2.00000000       2.00000000       2.00000000       2.00000000       2.00000000       2.00000000       2.51406971E-02   6.97163641E-02   8.45896453E-02   7.20852166E-02   2.10945271E-02  -6.55148402E-02 -0.160198420     -0.234866247     -0.276542723     -0.278117597     -0.227635920      -9.20172930E-02   1.33289294E-02
   2.00000000       2.00000000       2.00000000       2.00000000       2.00000000       2.00000000       2.00000000       2.00000000       2.00000000       2.00000000       2.00000000       2.00000000       2.00000000       2.00000000       2.00000000       2.00000000       8.93904790E-02  0.154642254      0.180429801      0.160485357       7.12635368E-02  -8.59285221E-02 -0.253269613     -0.377957553     -0.444531262     -0.448892355     -0.385320991     -0.239571080     -0.110321008    
   2.00000000       2.00000000       2.00000000       2.00000000       2.00000000       2.00000000       2.00000000       2.00000000       2.00000000       2.00000000       2.00000000       2.00000000       2.00000000       2.00000000       2.00000000       9.87028703E-02  0.192068949      0.264382899      0.299264729      0.276446700      0.142405584     -0.109609127     -0.365023881     -0.538220465     -0.625251532     -0.631890893     -0.561821818     -0.419559270     -0.288716614    
   2.00000000     -0.127053112     -0.206040695     -0.261854976     -0.289337516     -0.292697281     -0.280203104     -0.257671922     -0.228407562     -0.194209918     -0.156069145     -0.114344828      -6.82737306E-02  -1.37592359E-02   6.83915466E-02  0.192869052      0.298444927      0.381772935      0.427098453      0.409894615      0.219444275     -0.164164901     -0.516555607     -0.723238468     -0.819893777     -0.825865567     -0.752136171     -0.612336874     -0.486542761    
  -7.28518441E-02 -0.269389272     -0.475303948     -0.637080312     -0.719286442     -0.733167112     -0.704182386     -0.648726463     -0.575588405     -0.489390403     -0.392761976     -0.287160397     -0.172575757      -4.62039784E-02   9.98780578E-02  0.267340243      0.403515726      0.510330975      0.579123378      0.600724161      0.350723684       2.00000000       2.00000000       2.00000000       2.00000000       2.00000000       2.00000000       2.00000000       2.00000000    
  -9.56745222E-02 -0.351879328     -0.701466262      -1.00447893      -1.15114474      -1.17342484      -1.12592816      -1.03638566     -0.918310523     -0.778650284     -0.621726334     -0.450762719     -0.267966151      -7.43138716E-02  0.129448369      0.335205972      0.513458192      0.657973826      0.764450908      0.829500437      0.754325211       2.00000000       2.00000000       2.00000000       2.00000000       2.00000000       2.00000000       2.00000000       2.00000000    
   2.00000000       2.00000000       2.00000000      -1.38121176      -1.59964323      -1.61818266      -1.54719353      -1.42217660      -1.25872612      -1.06493008     -0.846711278     -0.609651327     -0.358950168      -9.96222273E-02  0.161867842      0.414161265      0.638663352      0.827619433      0.978681862      0.989952326       2.00000000       2.00000000       2.00000000       2.00000000       2.00000000       2.00000000       2.00000000       2.00000000       2.00000000    
   2.00000000       2.00000000       2.00000000       2.00000000      -2.10495567      -2.08059287      -1.97565329      -1.81204343      -1.60211098      -1.35297906      -1.07181799     -0.767033160     -0.447064549     -0.120447785      0.202332765      0.508423865      0.783623695       1.01934898       1.21160746       1.18256271       2.00000000       2.00000000       2.00000000       2.00000000       2.00000000       2.00000000       2.00000000       2.00000000       2.00000000    
   2.00000000       2.00000000       2.00000000       2.00000000      -2.67332935      -2.57627773      -2.42324090      -2.21529341      -1.95620549      -1.64893842      -1.30142069     -0.925557256     -0.533008873     -0.135085344      0.254041612      0.619741321      0.948800027       1.23316622       1.37152207       2.00000000       2.00000000       2.00000000       2.00000000       2.00000000       2.00000000       2.00000000       2.00000000       2.00000000       2.00000000    
   2.00000000       2.00000000       2.00000000       2.00000000       2.00000000      -3.10870790      -2.89777780      -2.64022517      -2.32915950      -1.95930624      -1.53966451      -1.08746088     -0.617313504     -0.142047554      0.319453597      0.750280142       1.13564229       1.46545672       1.47886384       2.00000000       2.00000000       2.00000000       2.00000000       2.00000000       2.00000000       2.00000000       2.00000000       2.00000000       2.00000000    
   2.00000000       2.00000000       2.00000000       2.00000000       2.00000000      -3.66393733      -3.39672995      -3.09046698      -2.72811651      -2.29016113      -1.78975070      -1.25429535     -0.700461864     -0.139662594      0.400915295      0.901514769       1.34706819       1.62650394       2.00000000       2.00000000       2.00000000       2.00000000       2.00000000       2.00000000       2.00000000       2.00000000       2.00000000       2.00000000       2.00000000    
   2.00000000       2.00000000       2.00000000       2.00000000       2.00000000       2.00000000      -3.91382813      -3.56643105      -3.16025567      -2.64757490      -2.05353522      -1.42631400     -0.782843351     -0.125120267      0.502343237       1.07715654       1.58130109       1.64612365       2.00000000       2.00000000       2.00000000       2.00000000       2.00000000       2.00000000       2.00000000       2.00000000       2.00000000       2.00000000       2.00000000    
   2.00000000       2.00000000       2.00000000       2.00000000       2.00000000       2.00000000      -4.43030453      -4.06408834      -3.63352513      -3.03333640      -2.32901382      -1.60260820     -0.864739060      -9.37240943E-02  0.626806498       1.28258145       1.74542093       2.00000000       2.00000000       2.00000000       2.00000000       2.00000000       2.00000000       2.00000000       2.00000000       2.00000000       2.00000000       2.00000000       2.00000000    
   2.00000000       2.00000000       2.00000000       2.00000000       2.00000000       2.00000000       2.00000000      -4.56558657      -4.16366720      -3.45172882      -2.62270403      -1.75045061     -0.905939162      -3.76655050E-02  0.778844118       1.51488507       1.65141582       2.00000000       2.00000000       2.00000000       2.00000000       2.00000000       2.00000000       2.00000000       2.00000000       2.00000000       2.00000000       2.00000000       2.00000000    
   2.00000000       2.00000000       2.00000000       2.00000000       2.00000000       2.00000000       2.00000000       2.00000000      -4.79250336      -3.90408659      -2.92725229      -1.92881024     -0.935722172       3.49751115E-02  0.961084068       1.67548048       2.00000000       2.00000000       2.00000000       2.00000000       2.00000000       2.00000000       2.00000000       2.00000000       2.00000000       2.00000000       2.00000000       2.00000000       2.00000000    
   2.00000000       2.00000000       2.00000000       2.00000000       2.00000000       2.00000000       2.00000000       2.00000000      -5.61268616      -4.39660645      -3.24361491      -2.10961103     -0.985458255      0.122301079       1.16873407       1.40946722       2.00000000       2.00000000       2.00000000       2.00000000       2.00000000       2.00000000       2.00000000       2.00000000       2.00000000       2.00000000       2.00000000       2.00000000       2.00000000    
   2.00000000       2.00000000       2.00000000       2.00000000       2.00000000       2.00000000       2.00000000       2.00000000      -6.43188810      -4.91202593      -3.57505035      -2.30096078      -1.03939342      0.230938241       1.31072497       2.00000000       2.00000000       2.00000000       2.00000000       2.00000000       2.00000000       2.00000000       2.00000000       2.00000000       2.00000000       2.00000000       2.00000000       2.00000000       2.00000000    
   2.00000000       2.00000000       2.00000000       2.00000000       2.00000000       2.00000000       2.00000000       2.00000000      -7.04600048      -5.39226961      -3.90729856      -2.49921966      -1.09996700      0.354557306      0.786785603       2.00000000       2.00000000       2.00000000       2.00000000       2.00000000       2.00000000       2.00000000       2.00000000       2.00000000       2.00000000       2.00000000       2.00000000       2.00000000       2.00000000    
   2.00000000       2.00000000       2.00000000       2.00000000       2.00000000       2.00000000       2.00000000       2.00000000      -7.52601910      -5.80537462      -4.22157288      -2.70102859      -1.18185818      0.379164875      0.910452068       2.00000000       2.00000000       2.00000000       2.00000000       2.00000000       2.00000000       2.00000000       2.00000000       2.00000000       2.00000000       2.00000000       2.00000000       2.00000000       2.00000000    
   2.00000000       2.00000000       2.00000000       2.00000000       2.00000000       2.00000000       2.00000000       2.00000000      -7.90320444      -6.15688896      -4.51071262      -2.90478420      -1.28067613      0.367145509       2.00000000       2.00000000       2.00000000       2.00000000       2.00000000       2.00000000       2.00000000       2.00000000       2.00000000       2.00000000       2.00000000       2.00000000       2.00000000       2.00000000       2.00000000    
   2.00000000       2.00000000       2.00000000       2.00000000       2.00000000       2.00000000       2.00000000       2.00000000      -8.19883919      -6.45748091      -4.77474880      -3.10814452      -1.40349257     -0.785695314       2.00000000       2.00000000       2.00000000       2.00000000       2.00000000       2.00000000       2.00000000       2.00000000       2.00000000       2.00000000       2.00000000       2.00000000       2.00000000       2.00000000       2.00000000    
   2.00000000       2.00000000       2.00000000       2.00000000       2.00000000       2.00000000       2.00000000       2.00000000      -8.43416977      -6.72003126      -5.01829147      -3.31388187      -1.57157779     -0.916722596       2.00000000       2.00000000       2.00000000       2.00000000       2.00000000       2.00000000       2.00000000       2.00000000       2.00000000       2.00000000       2.00000000       2.00000000       2.00000000       2.00000000       2.00000000    
   2.00000000       2.00000000       2.00000000       2.00000000       2.00000000       2.00000000       2.00000000       2.00000000      -8.62905788      -6.95547915      -5.24448347      -3.52034950      -1.76245785      -1.09824514       2.00000000       2.00000000       2.00000000       2.00000000       2.00000000       2.00000000       2.00000000       2.00000000       2.00000000       2.00000000       2.00000000       2.00000000       2.00000000       2.00000000       2.00000000    
